     01 02 03  04 05 06  07 08 09
 
 1   01 02 03  04 05 06  07 08 09
 2   10 11 12  13 14 15  16 17 18
 3   19 20 21  22 23 24  25 26 27

 4   28 29 30  31 32 33  34 35 36
 5   37 38 39  40 41 42  43 44 45
 6   46 47 48  49 50 51  52 53 54

 7   55 56 57  58 59 60  61 62 63
 8   64 65 66  67 68 69  70 71 72
 9   73 74 75  76 77 78  79 80 81

 n = (row-1)*9 + col

 Blank
        {0, 0, 0,   0, 0, 0,   0, 0, 0},
        {0, 0, 0,   0, 0, 0,   0, 0, 0},
        {0, 0, 0,   0, 0, 0,   0, 0, 0},

        {0, 0, 0,   0, 0, 0,   0, 0, 0},
        {0, 0, 0,   0, 0, 0,   0, 0, 0},
        {0, 0, 0,   0, 0, 0,   0, 0, 0},

        {0, 0, 0,   0, 0, 0,   0, 0, 0},
        {0, 0, 0,   0, 0, 0,   0, 0, 0},
        {0, 0, 0,   0, 0, 0,   0, 0, 0}

 MEDIUM PUZZLE
        {2, 0, 3,   4, 0, 0,   0, 0, 5},
        {8, 0, 9,   1, 6, 0,   7, 0, 4},
        {0, 0, 6,   0, 3, 0,   0, 1, 9},

        {7, 0, 2,   0, 0, 3,   0, 6, 0},
        {0, 0, 8,   2, 5, 0,   0, 0, 0},
        {0, 0, 1,   6, 0, 7,   0, 0, 2},

        {0, 0, 7,   0, 0, 5,   9, 2, 6},
        {9, 3, 0,   7, 2, 0,   0, 0, 0},
        {6, 0, 0,   0, 9, 0,   4, 7, 0}

HARD PUZZLE 
        {6, 0, 3,   4, 0, 1,   8, 9, 7},
        {7, 0, 5,   2, 9, 6,   3, 0, 1},
        {9, 0, 4,   0, 8, 0,   0, 0, 0},

        {8, 6, 0,   0, 0, 0,   1, 0, 4},
        {0, 3, 0,   6, 0, 0,   0, 5, 9},
        {1, 0, 0,   0, 2, 0,   0, 0, 0},

        {0, 9, 0,   0, 0, 0,   5, 0, 0},
        {0, 0, 0,   0, 3, 2,   0, 1, 8},
        {3, 0, 0,   1, 0, 5,   0, 0, 0}